50
DGEBH
ICYSM
GOYZA
YNCKF
EHCAA
NFKDC
AZBID
OILMU
IHWZH
SPBRP
VGTZJ
QFPFS
RRKJO
ONSHC
LGTIZ
PGEAH
GDMKE
UXHTK
MCAWD
NHNHX
ZWPDF
LIRLZ
DOWJA
ROHNU
ARXJB
OPKRO
OISKA
SDODF
EWUPC
FQTLO
AKWRU
TCHBJ
KFJAH
CHDDM
MNTDE
MSKOU
QGKLF
ENAKC
EEFAT
ULICK
DWIJM
WQLCQ
IMCFM
DWBJE
YIISK
XOQLU
TNWUW
FVQKT
CEUYS
SPCNP
49 31 7 6 27 50 32 39 30 4 11 45 40 16 18 2 20 15 9 48 24 26 36 17 35 21 37 41 8 23 10 1 38 14 28 25 13 46 33 34 47 29 5 43 22 44 12 3 19 42
41 19 23 36 43 44 5 46 12 27 11 38 13 33 15 30 16 39 45 3 6 22 32 14 35 28 25 7 21 48 17 47 42 31 4 20 26 34 8 9 50 40 1 24 49 2 18 37 29 10
14 44 23 24 12 29 25 20 41 13 40 17 50 6 39 10 34 47 27 22 35 33 7 38 8 48 28 45 3 5 9 15 1 32 43 21 49 2 11 4 18 31 26 46 30 37 42 36 16 19
27 10 42 49 47 18 12 11 46 23 50 39 19 4 38 28 17 13 40 31 2 25 6 33 22 24 41 16 15 20 35 34 14 45 26 37 48 43 1 32 7 5 21 44 3 29 8 36 9 30
33 9 31 25 4 15 18 39 5 32 24 30 34 44 14 3 8 19 40 49 17 28 2 42 37 47 1 27 36 48 26 22 45 16 11 13 7 46 12 23 29 50 41 38 6 43 21 10 20 35
40 41 12 37 8 7 5 44 36 16 2 24 25 1 23 29 4 17 15 43 20 3 10 42 11 21 48 35 33 45 34 14 28 49 6 30 31 22 38 46 19 50 13 26 47 18 9 32 27 39
49 38 14 35 24 26 40 1 28 3 41 39 47 8 44 23 9 13 46 10 34 17 27 30 45 31 15 33 12 29 42 22 11 43 20 48 21 25 7 5 18 2 36 32 16 50 37 4 19 6
29 2 12 10 34 40 1 39 49 15 17 30 24 50 46 31 25 3 28 35 21 9 23 8 37 14 11 47 7 20 22 4 44 48 42 16 36 19 26 5 33 27 41 38 43 13 6 32 18 45
35 45 9 21 22 18 47 13 24 25 34 29 4 48 19 40 50 6 26 8 41 3 37 31 16 42 30 2 20 14 39 11 28 38 33 49 23 36 32 10 1 5 27 46 17 7 12 44 15 43
9 34 13 38 24 33 4 46 30 7 28 6 14 26 31 20 3 12 5 43 50 27 15 19 16 2 40 37 48 32 21 18 39 17 29 35 8 36 10 41 22 1 45 49 23 47 44 11 25 42
46 50 11 49 26 39 31 42 6 34 17 25 30 36 41 2 35 3 15 8 33 32 7 20 10 21 28 4 45 38 37 27 12 14 19 47 18 13 22 9 29 48 5 23 24 16 1 44 43 40
23 43 20 2 9 24 34 26 17 21 4 48 47 40 19 28 46 16 27 18 1 49 50 12 10 3 5 14 6 29 36 15 25 39 42 32 35 11 22 33 7 45 30 38 41 44 31 37 8 13
17 26 36 35 16 3 8 44 50 23 9 34 31 30 29 18 27 37 12 21 14 45 15 38 42 49 5 4 11 13 10 48 6 32 20 28 47 46 43 7 24 19 40 2 33 1 39 25 41 22
15 21 11 6 48 17 49 7 32 14 27 5 33 46 34 45 3 36 37 9 23 41 31 38 29 16 12 18 50 42 24 28 10 1 40 20 39 26 47 44 19 4 25 43 35 2 13 22 30 8
20 18 28 45 33 42 27 19 29 24 43 14 39 4 10 5 35 41 2 49 34 15 50 44 13 30 7 8 31 46 47 37 21 3 17 12 26 25 36 22 9 11 48 38 1 16 40 32 23 6
15 42 27 49 44 45 24 38 39 4 8 33 48 22 13 5 30 7 32 26 12 43 21 46 47 19 36 16 10 3 37 40 1 29 25 2 11 31 28 34 41 23 9 20 18 50 35 14 17 6
23 41 8 24 37 44 18 47 42 11 45 12 14 20 10 7 13 15 46 2 1 36 21 43 9 16 17 40 4 26 29 34 30 22 27 35 6 3 5 39 31 28 33 25 50 32 49 38 48 19
23 33 3 22 34 8 44 13 40 6 24 11 10 31 49 17 42 50 14 35 32 46 16 37 43 15 7 26 20 47 38 25 4 28 18 41 19 27 9 5 39 29 48 12 1 30 45 36 2 21
4 32 47 31 19 43 10 48 42 25 16 45 39 35 20 13 2 37 36 41 23 11 3 21 15 27 30 44 18 6 29 14 50 5 46 24 9 12 26 28 34 49 33 40 17 8 1 38 22 7
19 24 22 17 18 37 23 10 21 42 44 48 7 15 50 39 16 27 47 33 20 32 1 2 29 5 14 30 13 12 8 11 6 46 25 41 28 35 3 36 4 40 43 34 26 38 45 49 31 9
50 20 27 35 4 22 36 9 10 41 26 23 47 32 33 7 12 40 46 25 6 5 31 28 30 1 8 14 19 2 11 34 42 24 45 18 17 48 29 37 43 44 21 3 39 16 49 38 13 15
50 49 43 14 29 30 48 46 10 7 38 13 27 20 1 12 32 42 9 22 25 47 21 16 45 24 44 39 5 15 2 40 3 6 41 31 11 34 35 37 36 4 18 8 19 28 17 33 23 26
5 43 21 15 32 13 10 38 20 42 30 11 35 19 27 47 6 31 17 25 16 44 4 23 48 33 49 7 2 37 8 22 28 34 36 26 45 40 1 46 9 24 14 3 50 39 12 29 18 41
20 49 30 1 43 39 21 28 10 7 6 5 22 16 34 32 37 33 24 41 35 2 12 36 17 19 11 50 26 14 3 46 13 44 40 29 25 27 47 8 18 42 38 45 23 48 4 15 9 31
20 3 15 2 47 4 21 22 40 26 46 7 34 43 31 16 6 38 12 30 44 33 32 9 28 25 24 19 8 29 41 27 37 11 42 23 49 18 17 13 35 1 39 10 45 36 50 48 5 14
7 17 13 16 5 9 19 47 44 4 1 28 48 38 27 24 46 34 15 29 10 14 23 26 50 31 37 39 11 6 33 21 20 42 12 8 32 3 22 35 43 41 30 45 25 18 36 2 40 49
11 30 7 31 26 28 36 48 20 42 45 22 37 3 9 2 5 23 49 13 33 6 19 32 24 14 43 34 44 21 46 16 18 27 12 47 4 25 15 41 29 35 8 17 1 39 40 38 10 50
48 31 19 16 41 6 39 13 1 34 27 38 3 9 22 25 40 35 45 7 29 4 8 15 2 12 49 21 18 30 36 47 23 50 10 46 26 37 20 5 14 24 17 32 33 43 44 42 28 11
19 42 20 11 15 46 21 35 48 37 31 18 5 49 26 32 3 29 41 25 7 10 4 23 22 30 13 47 44 16 9 34 45 6 17 28 14 1 50 38 36 12 33 43 24 27 39 8 40 2
8 12 5 26 50 25 27 29 4 23 40 45 6 43 11 2 42 38 13 30 33 17 48 16 37 1 49 14 9 24 41 31 47 10 19 7 34 15 39 46 21 22 32 28 20 44 3 36 35 18
47 23 11 34 1 35 39 6 22 14 40 12 30 3 48 41 18 27 8 2 38 46 10 49 29 19 20 50 36 21 17 33 16 26 44 32 7 37 25 42 9 13 31 15 43 5 45 24 4 28
32 6 7 3 45 38 13 24 16 22 50 15 28 46 39 23 36 27 49 14 10 1 35 34 2 26 30 4 42 31 48 20 40 5 44 41 12 18 9 33 21 8 17 37 25 43 11 47 29 19
36 28 45 40 26 27 3 42 31 11 7 46 9 18 49 23 10 44 48 13 20 17 37 1 35 24 34 47 41 29 43 2 33 12 16 21 22 5 25 8 30 32 14 39 6 50 38 4 19 15
50 3 27 31 24 42 10 13 9 30 21 46 37 25 32 7 38 14 36 43 44 17 4 26 39 47 12 8 28 16 22 48 1 2 49 11 5 20 40 35 45 19 33 15 41 23 34 29 6 18
20 12 13 3 17 24 22 14 18 10 21 47 25 1 39 23 50 49 43 7 41 2 5 26 44 11 34 38 33 45 31 19 29 4 48 35 6 46 32 36 16 27 9 8 37 28 40 15 30 42
49 48 21 36 43 32 5 20 13 1 25 26 3 47 23 45 38 30 50 27 16 9 14 37 18 2 12 19 42 40 31 35 46 10 29 8 11 4 28 33 39 7 41 34 17 22 24 6 44 15
12 2 47 43 17 4 24 22 30 1 25 19 27 31 41 15 5 46 44 10 16 36 6 48 3 37 42 9 45 14 8 32 40 39 20 13 18 33 21 28 26 50 49 29 35 7 23 34 11 38
35 33 28 21 26 10 34 13 23 8 19 45 7 25 27 9 2 4 46 49 31 6 30 37 50 18 5 36 15 16 44 40 11 14 29 17 22 38 43 24 12 41 1 47 20 48 42 3 32 39
10 50 22 1 48 4 19 34 17 43 6 30 37 18 46 29 14 9 44 45 15 28 16 5 23 32 40 38 21 33 7 12 2 3 35 25 26 41 39 42 49 20 13 11 24 8 31 27 47 36
50 30 10 18 14 27 45 15 28 46 19 40 38 42 23 2 43 21 6 24 4 34 5 33 12 8 11 44 20 25 41 35 26 16 39 29 49 7 48 47 3 9 37 32 31 17 13 36 1 22
31 35 12 32 16 26 17 28 49 30 8 27 37 48 2 18 41 15 34 47 23 29 40 6 10 7 22 9 33 45 13 50 25 43 3 21 46 39 42 5 38 44 24 36 20 1 14 19 11 4
50 13 43 8 2 28 24 38 48 31 17 44 19 18 21 36 42 6 22 23 14 33 26 29 37 30 10 7 35 15 39 45 12 4 34 5 40 25 3 41 1 16 9 46 49 32 11 20 27 47
30 49 27 5 39 15 42 35 45 18 16 44 43 2 46 40 1 34 20 29 31 37 22 14 23 21 10 11 3 50 32 7 38 41 8 36 19 25 6 12 9 17 4 28 47 26 24 33 13 48
11 48 9 36 4 5 31 24 6 43 8 41 39 34 50 19 38 37 26 14 20 28 16 22 18 27 45 29 25 1 15 46 3 17 13 12 40 10 47 30 2 21 49 32 33 42 7 44 35 23
34 7 39 17 13 25 36 24 19 42 48 44 18 23 28 40 22 5 38 49 26 32 27 2 43 4 11 35 12 45 1 9 3 47 31 15 46 37 33 29 10 14 16 30 8 41 21 50 6 20
41 43 44 16 18 12 5 38 8 15 39 11 45 17 40 6 26 34 2 42 4 48 47 20 21 37 33 14 49 10 50 13 1 46 35 32 9 29 30 24 31 28 23 22 3 7 27 19 36 25
4 7 26 46 28 6 47 49 37 25 45 38 27 2 44 22 8 21 32 20 12 9 10 16 15 50 40 39 18 41 1 35 5 14 33 29 31 48 13 34 23 19 43 42 11 24 30 17 3 36
6 26 25 24 34 31 23 14 27 28 5 38 48 47 13 1 17 12 11 4 40 21 20 50 45 42 32 10 37 43 36 3 46 19 39 41 44 2 29 9 7 22 30 35 16 18 33 15 8 49
3 5 17 36 35 44 23 24 32 38 20 13 37 1 18 8 25 22 14 41 12 43 34 48 15 21 31 7 30 2 40 19 50 46 42 27 26 6 9 16 10 47 4 49 33 39 45 29 11 28
37 5 21 31 28 39 25 38 3 20 27 49 4 22 32 12 16 24 29 35 6 14 33 11 42 48 18 36 34 40 30 47 23 15 17 26 43 45 10 44 2 1 8 41 50 13 19 7 9 46
KVJYGVT
TOKZPPK
YNUGMCK
XYNLHWM
GXASIKY
FNVNISS
DWTQVTM
JQNXTUY
RHPEHRW
YGIKBSY
ELXOWZN
QHZLMHI
FARNABA
KYZXTLL
GTYORPY
WBAUTEN
IRNIQLV
OILXPMO
PXYZWHA
SDPXPVD
RZJXHNN
FOWIJOM
YXRMJZJ
DUZODBO
ESMGIHY
HOARVOD
GFPIOJR
VUTBKWA
JDRDUYT
XPXLODY
RHYPDJR
SXJTCGD
VFQYNOD
LLCPTEJ
GXFOEIM
TFDPSBJ
IORULPP
SHBMRKN
YLGHDUL
ETNSHYL
TMYTVIV
ADWITPZ
NFECBQI
NSNJDYF
YNELDTA
EBEZGFB
UVIPOXL
MVUZPYP
UIDJPRL
IKSZMIV
2 6 43 35 22 46 34 27 26 19 5 28 8 38 7 23 41 39 44 24 21 45 1 13 9 33 17 12 3 16 31 14 40 30 50 36 37 42 15 10 18 20 29 49 48 4 25 11 47 32
40 4 11 10 29 8 36 13 38 25 43 20 35 16 21 50 23 5 47 22 30 1 49 9 48 14 39 2 37 6 19 26 32 15 33 3 18 45 44 12 41 28 7 31 24 46 34 27 42 17
49 11 34 20 16 30 46 36 35 27 45 38 47 19 50 9 42 7 17 6 26 21 29 24 32 8 10 5 43 13 28 4 15 25 22 48 37 31 18 1 40 41 44 2 3 12 14 39 23 33
15 42 27 17 2 18 3 35 25 33 40 45 30 26 20 34 28 46 49 41 1 5 8 36 22 12 6 39 47 10 9 11 14 4 44 7 16 21 50 32 24 23 19 31 43 38 48 13 29 37
43 35 19 47 2 11 23 7 44 20 8 26 14 1 24 30 39 3 36 50 41 46 12 45 27 33 13 42 29 38 34 15 17 10 48 16 21 5 6 37 28 18 9 22 4 40 31 49 25 32
44 50 22 14 8 43 48 36 4 37 31 27 19 30 1 29 26 49 40 6 28 13 35 3 24 5 23 9 12 47 39 21 17 42 16 38 32 2 34 15 7 25 11 20 46 45 33 18 10 41
34 21 35 14 45 23 22 28 1 36 25 7 47 17 44 10 15 12 6 8 19 18 37 46 43 40 24 39 11 30 27 48 33 2 50 41 49 9 26 3 32 13 5 16 31 29 42 4 20 38
5 49 2 37 13 7 35 6 48 24 15 26 16 19 30 8 25 29 1 17 27 38 18 9 20 22 12 34 4 42 46 3 36 32 31 28 50 44 40 39 43 10 41 11 33 14 45 21 23 47
19 37 3 7 27 49 47 16 43 36 39 38 34 46 13 45 32 15 10 24 48 5 33 30 17 1 8 28 31 35 14 21 22 50 6 41 12 18 2 4 26 20 29 40 11 25 9 44 42 23
7 46 43 22 8 48 17 34 15 42 38 24 50 44 32 26 13 5 31 19 35 33 20 21 27 9 11 3 41 37 4 2 18 16 49 23 28 45 25 10 40 29 36 12 39 30 1 14 6 47
6 43 37 2 5 39 46 48 40 16 41 19 18 1 20 44 4 33 32 31 11 14 50 38 34 25 26 10 35 3 21 30 22 17 9 28 12 7 13 36 15 24 23 42 29 49 47 45 27 8
43 19 31 29 46 41 23 1 3 16 44 49 27 39 48 21 14 11 9 47 28 26 50 7 15 33 45 17 22 38 13 12 25 20 32 24 6 40 2 37 8 10 4 30 34 35 5 42 18 36
16 29 36 19 13 6 9 3 1 25 40 44 5 15 10 26 34 41 14 33 17 22 49 32 50 46 24 23 8 31 45 20 47 43 27 21 28 39 38 18 30 48 12 42 37 35 11 4 2 7
46 16 19 24 6 10 42 21 37 49 32 14 17 12 40 31 48 9 23 38 2 25 34 8 13 33 39 41 26 18 50 4 30 44 45 35 22 3 36 15 28 11 27 47 5 7 20 29 43 1
34 9 2 28 18 49 8 17 16 10 21 32 41 26 42 50 3 23 20 33 27 13 43 1 47 30 48 24 11 44 46 19 6 7 25 45 12 39 40 31 4 35 15 14 22 5 38 37 36 29
1 39 24 29 23 13 33 32 41 45 34 5 18 43 8 37 15 7 30 19 38 28 22 36 17 16 46 12 31 4 49 27 42 9 6 35 20 40 11 25 10 44 48 50 47 26 21 14 3 2
32 4 18 23 35 48 30 21 26 39 34 22 1 45 19 5 28 44 9 29 31 36 3 2 14 6 15 10 25 41 20 49 27 38 11 17 47 42 43 7 40 46 24 33 12 37 8 13 50 16
26 45 48 49 27 43 22 31 13 8 21 46 3 11 35 42 41 12 20 14 5 32 2 37 19 6 33 23 16 44 30 39 34 50 29 38 4 40 28 18 36 10 24 7 17 9 1 15 25 47
46 7 22 24 14 37 32 44 5 9 15 20 43 31 27 49 45 13 36 50 6 29 23 35 1 39 10 17 12 8 48 21 30 18 25 2 38 26 47 16 3 41 42 11 28 4 40 19 34 33
34 40 1 33 5 9 37 20 23 7 41 43 50 49 31 26 16 48 39 24 27 8 17 25 47 10 21 14 29 42 13 45 12 32 44 22 19 30 38 46 3 35 28 6 36 2 4 11 18 15
8 26 4 36 28 25 9 42 7 13 10 14 43 15 16 2 22 46 5 29 24 49 3 33 12 47 32 39 17 34 48 40 20 27 37 23 45 35 38 50 30 18 19 41 44 11 6 31 21 1
33 3 25 48 24 22 8 43 40 31 42 45 9 27 16 1 19 49 47 36 37 14 30 5 23 26 12 39 28 2 4 17 10 11 34 35 50 44 20 7 15 21 13 29 6 38 32 46 18 41
4 42 19 46 33 39 3 11 28 48 44 5 9 30 13 40 43 27 16 29 36 31 17 8 32 26 49 50 21 41 10 34 35 12 18 22 6 15 24 38 2 45 14 25 47 1 37 7 23 20
35 16 31 2 6 20 46 45 44 36 23 14 29 10 24 21 11 34 33 27 49 50 30 18 32 38 25 41 43 48 17 28 3 5 42 7 13 40 39 22 9 19 15 8 1 26 12 47 4 37
8 47 6 16 43 39 40 1 22 36 3 20 45 31 49 32 7 9 50 17 5 29 13 14 4 46 26 12 30 44 19 28 11 2 21 35 18 25 41 15 42 37 24 34 27 38 48 10 23 33
36 16 8 46 49 21 5 48 20 25 13 22 4 6 32 28 24 3 19 33 42 27 1 11 7 35 41 30 37 39 9 29 10 50 44 12 17 2 31 26 47 23 15 43 38 40 34 14 18 45
38 12 37 35 48 18 49 14 4 31 39 5 26 36 27 3 20 1 30 33 46 17 19 25 50 11 13 15 40 21 6 34 47 44 2 23 24 28 45 8 9 42 7 16 41 22 10 29 32 43
32 48 2 24 31 35 26 4 25 34 6 47 7 23 19 37 15 17 20 1 45 12 39 18 30 16 14 8 49 36 40 5 50 42 46 33 21 27 10 9 13 38 22 3 41 11 29 43 28 44
7 12 50 47 39 33 37 38 32 17 29 20 5 4 19 9 40 27 34 14 10 43 36 22 13 45 49 25 18 3 30 28 46 41 16 1 26 11 24 35 44 31 2 48 15 42 23 21 8 6
23 12 48 9 30 19 22 25 26 8 13 37 43 31 36 44 24 50 4 34 3 5 7 38 42 49 46 27 2 10 39 45 1 15 17 20 47 28 16 11 14 18 35 40 33 41 29 6 21 32
47 41 27 36 45 26 39 9 31 6 49 37 32 17 44 38 28 24 23 12 40 4 48 46 1 11 8 22 2 42 14 10 43 16 5 34 30 19 25 50 21 20 29 3 13 35 15 33 18 7
31 34 12 30 18 40 32 20 25 46 7 11 13 3 48 21 24 19 42 38 49 44 16 17 29 5 10 26 39 35 27 36 1 15 23 47 43 8 37 4 28 2 33 14 41 9 45 22 6 50
12 40 44 46 2 9 1 43 16 33 3 26 28 47 24 42 41 15 7 45 25 21 4 22 20 19 23 48 30 8 49 50 29 39 38 11 10 37 17 36 31 35 13 5 6 14 27 18 32 34
41 50 3 7 29 34 38 30 19 2 16 21 10 13 48 24 35 18 8 26 46 39 36 45 31 17 1 40 49 11 4 47 42 6 33 20 25 5 28 12 15 37 27 44 32 9 43 14 22 23
29 22 10 30 5 42 15 11 33 3 4 32 50 19 48 24 31 39 36 18 44 34 23 46 28 2 12 45 6 40 38 9 47 37 49 25 26 41 14 21 27 13 20 43 8 35 16 1 17 7
19 28 37 5 38 24 39 26 18 6 48 10 3 16 8 9 15 36 22 4 44 20 2 34 13 21 11 41 12 31 27 46 43 23 32 1 7 49 47 30 35 29 45 42 40 33 14 17 50 25
9 11 30 42 20 37 19 29 13 39 44 4 10 38 7 27 12 46 3 50 33 26 31 21 18 35 14 16 22 34 48 5 41 47 8 23 43 32 24 49 6 1 40 45 28 36 17 2 25 15
28 47 23 10 19 20 3 2 6 35 1 31 9 13 46 18 12 42 38 50 21 49 36 14 5 33 43 24 39 44 4 41 7 37 30 27 17 40 45 25 22 15 29 26 34 48 32 16 8 11
50 24 18 16 30 49 8 9 7 12 5 17 13 41 21 2 10 37 11 4 1 29 26 15 45 43 31 34 48 39 27 19 40 47 36 38 22 25 44 20 28 14 32 35 46 3 33 42 23 6
18 29 23 14 6 13 39 1 15 49 7 45 20 24 33 9 41 50 19 17 48 31 35 4 43 8 32 3 37 2 12 47 25 42 10 38 34 5 30 11 21 40 27 44 26 22 28 16 36 46
39 16 6 17 5 14 50 24 30 15 45 49 19 23 36 43 48 33 3 8 1 31 46 40 13 28 9 21 12 26 20 25 18 10 7 29 2 32 44 22 34 41 37 38 4 47 27 42 35 11
16 13 23 1 21 32 10 6 17 30 49 27 4 34 7 38 5 19 31 40 46 8 36 37 41 48 9 44 50 3 11 28 33 22 24 2 47 43 45 25 18 20 42 29 12 14 39 26 35 15
14 25 2 21 36 32 3 46 50 23 20 47 41 44 5 24 30 10 17 6 37 13 12 26 43 38 18 42 31 34 7 16 22 27 15 39 48 49 9 40 1 45 8 11 4 29 19 35 28 33
21 28 23 32 27 17 25 14 19 40 48 12 34 13 38 11 33 37 9 36 24 45 22 49 7 50 31 29 47 5 35 3 10 20 42 41 8 15 44 16 39 30 26 1 6 46 4 2 43 18
1 30 2 43 13 17 46 44 36 15 47 7 18 34 16 31 25 3 21 42 49 22 8 38 45 27 11 29 10 41 40 37 5 33 24 4 12 23 6 28 32 35 48 26 14 9 39 20 19 50
5 38 36 10 19 47 9 45 22 29 24 13 31 23 39 35 4 32 14 41 46 18 33 21 34 15 27 7 48 30 49 1 2 28 17 50 26 44 8 20 12 40 42 16 37 6 3 43 25 11
16 50 41 23 46 15 27 26 42 35 44 28 45 7 11 8 5 25 43 20 12 24 9 4 29 47 40 6 49 38 33 31 17 36 30 14 3 22 48 10 2 19 39 13 37 18 1 21 32 34
30 23 49 22 11 24 12 7 36 28 42 31 1 41 38 50 32 14 45 16 4 29 15 10 9 13 43 5 2 27 18 48 33 44 26 25 8 40 6 21 34 35 20 39 46 37 19 3 47 17
34 8 16 10 20 45 48 25 46 12 37 33 40 1 13 26 5 14 30 7 50 15 44 9 42 17 18 32 2 28 47 4 36 21 39 31 38 3 49 19 27 23 6 24 22 29 43 11 41 35
35 41 1 31 8 27 38 25 15 10 13 20 48 23 16 3 6 11 46 36 24 47 9 28 39 18 19 5 43 30 22 12 32 45 26 40 4 7 37 50 2 49 21 29 44 34 33 42 17 14